image_width: 640
image_height: 480
camera_name: narrow_stereo
camera_matrix:
  rows: 3
  cols: 3
  data: [828.59144,   0.     , 308.47506,
           0.     , 841.33461, 242.11234,
           0.     ,   0.     ,   1.     ]
distortion_model: plumb_bob
distortion_coefficients:
  rows: 1
  cols: 5
  data: [0.129243, -0.250030, -0.006196, 0.003406, 0.000000]
rectification_matrix:
  rows: 3
  cols: 3
  data: [1., 0., 0.,
         0., 1., 0.,
         0., 0., 1.]
projection_matrix:
  rows: 3
  cols: 4
  data: [843.909  ,   0.     , 309.47116,   0.     ,
           0.     , 855.68073, 239.59198,   0.     ,
           0.     ,   0.     ,   1.     ,   0.     ]
